1,1201930432000,116.36422,39.88781
1,1201930636000,116.37481,39.88782
1,1201930733000,116.37677,39.88791
1,1201930938000,116.38033,39.88795
1,1201931035000,116.39392,39.89014
1,1201931240000,116.41149,39.89152
1,1201931337000,116.42105,39.89194
1,1201931541000,116.4215,39.89823
1,1201931638000,116.4215,39.89902
1,1201931843000,116.42972,39.90726
1,1201931940000,116.4302,39.91176
1,1201932145000,116.44396,39.908
1,1201932242000,116.4441,39.90807
1,1201932543000,116.45478,39.90392
1,1201932748000,116.4551,39.88981
1,1201932845000,116.45485,39.88333
1,1201933050000,116.46018,39.88052
1,1201933147000,116.4578,39.88109
1,1201933147001,116.36422,39.88781
1,1201933351001,116.37481,39.88782
1,1201933448001,116.37677,39.88791
1,1201933653001,116.38033,39.88795
1,1201933750001,116.39392,39.89014
1,1201933955001,116.41149,39.89152
1,1201934052001,116.42105,39.89194
1,1201934256001,116.4215,39.89823
1,1201934353001,116.4215,39.89902
1,1201934558001,116.42972,39.90726
1,1201934655001,116.4302,39.91176
1,1201934860001,116.44396,39.908
1,1201934957001,116.4441,39.90807
1,1201935258001,116.45478,39.90392
1,1201935463001,116.4551,39.88981
1,1201935560001,116.45485,39.88333
1,1201935765001,116.46018,39.88052
1,1201935862001,116.4578,39.88109